Object-type, position_x, position_y, speed(robot), angle(robot), dangle(robot), omega(robot), range(robot), direction(robot)
Obstacle   , 127, 278
Obstacle   , 127, 440
Obstacle   , 631, 433
Obstacle   , 633, 276
Robot      , 375, 535, 30, 270, 75, 30, 50, 1
Robot      , 214, 541, 30, 270, 75, 30, 50, 1
Robot      , 465, 446, 30, 270, 300, 100, 140, 1
Robot      , 543, 39, 20, 90, 35, 40, 65, -1
Robot      , 294, 621, 30, 270, 75, 30, 50, 1
Robot      , 125, 619, 30, 270, 75, 30, 50, 1
Robot      , 457, 622, 30, 270, 75, 30, 50, 1
Robot      , 212, 33, 20, 90, 35, 40, 65, -1
Robot      , 291, 452, 30, 270, 300, 100, 140, 1
Robot      , 550, 688, 20, 270, 35, 40, 65, 1
Robot      , 548, 532, 30, 270, 75, 30, 50, 1
Robot      , 375, 688, 20, 270, 35, 40, 65, 1
Robot      , 622, 619, 30, 270, 75, 30, 50, 1
Robot      , 210, 692, 20, 270, 35, 40, 65, 1
Robot      , 35, 37, 20, 90, 35, 40, 65, -1
Robot      , 38, 692, 20, 270, 35, 40, 65, 1
Robot      , 368, 35, 20, 90, 35, 40, 65, -1
Robot      , 708, 688, 20, 270, 35, 40, 65, 1
Robot      , 709, 43, 20, 90, 35, 40, 65, -1
Robot      , 294, 263, 30, 90, 300, 100, 140, -1
Robot      , 553, 197, 30, 90, 75, 30, 50, -1
Robot      , 380, 184, 30, 90, 75, 30, 50, -1
Robot      , 204, 182, 30, 90, 75, 30, 50, -1
Robot      , 625, 108, 30, 90, 75, 30, 50, -1
Robot      , 462, 106, 30, 90, 75, 30, 50, -1
Robot      , 289, 104, 30, 90, 75, 30, 50, -1
Robot      , 122, 105, 30, 90, 75, 30, 50, -1
Robot      , 466, 271, 30, 90, 300, 100, 140, -1
Robot      , 379, 376, 100, 270, 75, 100, 1, 1
Robot      , 379, 332, 100, 90, 75, 100, 1, -1
